0.021857 1.62973 8.60565 -1204.48 -16591.1 -26.5426 27293.9
-0.990098 1.70242 10.2038 -30.6434 -422.071 -0.573989 694.057
0.0436417 1.63076 11.1299 -8.19462 -112.754 -0.154991 185.958
0.0659232 1.62554 15.0858 -10.0875 -139.579 -0.129027 229.504
-1.19542 1.71283 19.2351 -9.51716 -131.116 -0.239456 217.809
0.535381 1.58483 20.8687 -9.39902 -130.69 -0.17099 215.722
-0.514213 1.65503 24.2968 -8.64759 -121.096 -0.135778 199.27
-1.09329 1.69724 26.3411 -7.33781 -102.935 -0.059373 168.246
0.524931 1.58604 28.4853 -7.31725 -103.524 -0.130434 171.749
-0.437584 1.65303 29.0338 -11.2844 -159 -0.153974 262.363
-0.0559304 1.61969 30.5531 -10.4393 -147.647 -0.119176 242.2
-0.429467 1.64092 32.8831 -7.46161 -104.478 -0.108975 171.818
0.162997 1.60932 34.6374 -7.86225 -110.703 -0.141172 184.327
0.86212 1.55164 39.5503 -7.31155 -102.491 -0.119812 170.071
0.613091 1.56853 43.418 -7.56145 -106.553 -0.0777763 175.144
0.0612976 1.60886 47.3922 -6.03547 -85.2313 -0.0898845 141.755
0.0168306 1.60862 50.4459 -6.69502 -94.2079 -0.0919744 156.297
0.899316 1.54254 53.5959 -5.96552 -83.4632 -0.0726936 138.006
0.35173 1.57952 55.9362 -6.58748 -92.1946 -0.068458 151.77
0.0924982 1.59754 58.3904 -6.75162 -94.7775 -0.0930002 157.466
1.99276 1.46367 59.7048 -6.73965 -94.0541 -0.106928 157.479
0.966428 1.53685 63.1848 -31.965 -443.733 -0.462417 742.061
0.944271 1.53368 65.7754 -8.61747 -119.533 -0.0603766 195.435
0.976724 1.53482 69.0846 -9.32819 -128.972 -0.154643 217.744
0.281658 1.58093 73.2541 -10.6747 -147.594 -0.0995089 243.631
0.806455 1.54299 75.0476 -6.94323 -95.1466 -0.128725 162.07
0.253377 1.57625 77.4619 -9.35466 -127.094 -0.0657094 207.792
0.414564 1.56313 79.5232 -12.2874 -168.478 -0.0425847 271.834
0.00142622 1.59399 83.1745 -14.0342 -190.765 -0.110397 313.28
1.18116 1.51198 87.5875 -8.80116 -120.637 -0.111168 202.534
0.807793 1.53193 92.6604 -5.43087 -74.4215 -0.0442727 122.498
1.90656 1.45284 95.2403 -6.96484 -95.0568 -0.0566838 156.78
1.07349 1.51106 99.5903 -7.28851 -99.1323 -0.0669393 164.286
0.621884 1.54117 103.075 -6.30843 -85.5691 -0.0391888 139.839
0.932115 1.51804 106.737 -6.31931 -84.8137 -0.0549877 140.51
0.90978 1.51542 109.692 -9.32972 -125.173 -0.0191723 200.28
2.07396 1.43001 111.571 -17.8219 -239.51 -0.19946 401.717
1.10407 1.50304 113.43 -7.87877 -106.398 -0.104162 180.434
1.90379 1.44447 115.705 -7.99639 -107.905 -0.119728 184.942
-0.418162 1.61229 119.342 -8.19931 -111.281 -0.0565559 182.738
1.5253 1.46885 122.742 -8.88843 -119.491 -0.0901721 200.14
0.55125 1.54196 128.206 -7.52667 -101.915 -0.106191 174.913
0.965409 1.51116 130.981 -9.68853 -131.335 -0.140504 226.225
1.52691 1.46384 135.878 -7.37248 -101.636 -0.0887178 172.09
1.16667 1.49055 137.499 -9.12894 -123.987 -0.103588 209.702
1.39736 1.47132 140.18 -5.77284 -78.5129 -0.0952556 136.937
-0.51961 1.60348 144.242 -5.84733 -80.1089 -0.0928648 138.809
0.0434984 1.55819 148.212 -4.59916 -62.8671 -0.0641699 107.67
0.525204 1.51787 151.986 -4.27926 -57.2635 -0.0565926 97.7673
0.413818 1.52447 155.451 -4.07703 -54.5121 -0.0642225 94.7729
1.73236 1.42622 157.793 -8.74942 -116.236 -0.202641 212.91
0.951762 1.45554 162.576 -6.84013 -90.1207 -0.0923674 152.701
1.35483 1.42104 164.254 -8.44528 -111.62 -0.0861336 184.206
0.783531 1.46214 167.419 -9.24032 -121.499 -0.14523 209.203
0.745984 1.46192 170.991 -4.85021 -62.7329 -0.0698478 107.272
1.23654 1.41999 173.901 -6.00499 -77.6222 -0.122581 138.965
0.826826 1.45016 176.796 -5.00802 -66.6836 -0.102979 119.049
1.20301 1.42189 179.128 -6.73599 -89.0237 -0.117453 155.725
2.26568 1.34054 181.64 -5.80309 -76.7666 -0.0418733 123.663
2.9485 1.29046 182.716 -6.13612 -80.8231 -0.0780272 136.648
1.34514 1.42177 185.076 -8.80092 -116.084 -0.0634338 188.624
2.07978 1.36701 185.664 -8.06348 -106.153 -0.127328 185.523
3.2444 1.27961 186.129 -7.63603 -100.671 -0.093401 170.979
3.14742 1.28538 186.295 -7.33671 -96.5856 -0.096224 165.167
3.86107 1.23162 186.929 -6.72771 -88.5631 -0.102082 154.135
3.84467 1.23372 186.616 -6.14022 -80.9833 -0.0738571 137.301
3.34588 1.27165 186.951 -5.9484 -78.2088 -0.0848076 135.212
5.16239 1.13206 187.094 -5.86168 -77.2778 -0.0841082 133.479
4.5669 1.17176 189.765 -6.30664 -82.2897 -0.0774308 139.919
3.80972 1.22779 192.728 -4.98143 -65.3562 -0.0502432 108.905
2.17851 1.346 194.6 -7.99328 -105.817 -0.0327232 166.211
0.471015 1.48216 195.378 -14.0962 -187.092 -0.100367 303.549
-2.27961 1.68636 197.048 -22.1333 -293.924 -0.0741047 459.809
-9.28411 2.1976 195.468 -7.54406 -100.658 0.0282551 145.644
-10.8161 2.31597 195.547 -4.12557 -55.3483 0.0269451 78.2933
-12.9308 2.47961 196.036 -20.517 -273.628 0.189812 375.981
-16.6388 2.75839 193.882 53.5162 717.93 -0.357442 -1020.59
-18.4365 2.89538 194.723 -29.9645 -401.54 -0.00377189 610.904
-19.8468 2.99901 194.844 -26.9946 -359.611 0.0201885 538.789
-21.3142 3.11317 197.627 -40.0581 -538.071 0.311701 759.699
-22.8517 3.22853 198.776 -21.6322 -289.327 0.0831244 423.248
-25.1374 3.40114 197.075 -11.2723 -150.541 0.101299 208.692
-26.7806 3.52338 195.099 -8.88 -118.684 0.0657595 167.526
-29.9416 3.7616 196.35 18.7789 251.456 -0.189363 -346.425
-32.5256 3.95539 194.829 1053.19 14094.7 -15.8756 -18401.2
-33.5227 4.0312 195.618 -11.7392 -156.554 0.158733 206.52
-35.7301 4.19428 196.306 -17.006 -225.412 0.311459 276.674
-37.7028 4.3458 194.726 -16.4303 -218.279 0.228827 284.569
-40.2991 4.54644 195.047 -19.724 -263.324 0.227254 358.003
-43.1908 4.76114 199.05 -18.2759 -245.082 0.00292787 376.938
-46.8753 5.03588 196.725 -14.4106 -194.106 -0.00981583 303.924
-50.7245 5.31983 197.643 -6.34297 -85.4538 -0.0137261 135.569
-55.007 5.63202 197.553 -10.6027 -141.547 0.0270628 208.628
-60.1338 6.01573 198.161 -4.43128 -59.3323 -0.0334494 97.086
-64.1449 6.31531 199.038 -6.35453 -85.4869 -0.0363653 139.504
-67.5447 6.56955 200.771 22.982 308.059 0.139974 -499.6
-69.8996 6.74676 199.722 -40.9368 -549.582 -0.210987 888.568
-72.6623 6.9541 199.132 -16.2784 -218.474 -0.102373 356.85
-75.9048 7.19523 201.469 -9.64539 -129.502 -0.121733 224.188
-79.2516 7.44723 201.496 -10.3899 -139.009 -0.134507 238.92
-81.1667 7.59111 201.883 -12.2444 -163.766 -0.0861788 266.727
-85.2693 7.90098 202.845 -10.2075 -136.938 -0.163487 244.717
-88.7117 8.15493 203.311 -7.97909 -106.927 -0.0550681 175.336
-91.7635 8.38419 202.193 -11.7919 -157.071 -0.059436 246.865
-94.628 8.59922 204.086 -9.27632 -124.848 -0.0139327 198.641
-97.1982 8.78796 204.16 -7.86827 -104.898 -0.0170367 160.538
-100.372 9.00654 205.786 -7.09265 -94.5772 -0.0196843 143.959
-103.605 9.24962 206.734 -5.95498 -79.4754 -0.0334757 125.071
-105.675 9.40528 206.121 -4.95491 -65.9893 -0.0113553 99.3784
-108.904 9.64686 208.592 -6.65466 -88.6482 -0.0136002 133.293
-111.59 9.84937 208.588 -7.48441 -99.2454 -0.0762279 158.217
-113.819 10.0153 207.899 -10.4495 -137.764 -0.0598212 202.833
-115.452 10.1384 207.947 -6.81301 -89.2762 -0.0549061 129.963
-116.229 10.1975 209.257 -6.07082 -79.9874 -0.0376734 117.951
-118.482 10.37 209.996 -10.4476 -136.444 -0.0798354 193.834
-120.302 10.5123 208.286 -15.6528 -203.813 -0.098294 279.96
-119.927 10.4822 210.87 -15.9979 -209.314 -0.118983 300.58
-122.153 10.6493 211.771 -10.2782 -133.969 -0.058051 183.454
-123.442 10.7522 210.835 -8.53257 -111.198 -0.0834202 159.94
-125.767 10.9306 212.174 -8.52142 -111.292 -0.0431661 153.93
-127.374 11.0495 213.265 -8.8203 -115.138 -0.00936478 150.736
-129.545 11.2185 211.577 -9.67877 -127.155 -0.0727058 188.03
-131.919 11.3971 213.893 -17.6628 -233.128 -0.0278468 332.863
-133.453 11.5163 213.228 -11.4723 -151.953 -0.113183 243.049
-133.897 11.5483 214.11 -7.29601 -96.7271 -0.0674903 154.567
-135.788 11.6928 213.949 -7.0337 -93.9552 -0.0230167 148.435
-136.476 11.7466 214.362 -6.73232 -89.8319 -0.0640726 150.148
-137.001 11.7869 215.007 -5.7698 -78.0855 -0.0645589 143.8
-138.941 11.9251 216.865 -3.27016 -49.9745 -0.147641 173.611
-139.768 11.9884 213.836 -3.41664 -52.5764 -0.162017 187.417
-141.989 12.1582 214.51 -6.28308 -83.6709 -0.0416496 134.094
-142.893 12.2262 216.231 -5.88911 -78.1841 -0.0391878 122.854
-142.127 12.1658 216.628 -5.5878 -73.944 -0.0413204 114.364
-143.028 12.2325 217.459 -6.28723 -83.5782 -0.0532483 134.703
-144.348 12.3025 216.356 -10.218 -133.857 -0.0274544 177.755
